p cnf 444 156
124 224 324 424 0
-422 -424 0
132 232 332 432 0
413 423 433 443 0
131 132 133 134 0
112 212 312 412 0
421 422 423 424 0
111 121 131 141 0
-311 0
-313 0
144 244 344 444 0
-314 0
-121 -122 -123 0
441 442 443 444 0
-231 -232 0
-423 -424 0
-231 -233 0
-231 -234 0
-322 0
-323 0
211 221 231 241 0
-324 0
-332 0
-333 0
-334 0
211 212 213 214 0
312 322 332 342 0
-341 0
-342 0
-211 -212 -213 0
-343 0
231 232 233 234 0
-232 -233 0
123 223 323 423 0
-232 -234 0
131 231 331 431 0
111 211 311 411 0
-112 0
-113 0
-111 -112 -113 0
-114 0
114 124 134 144 0
312 0
-121 0
412 422 432 442 0
-122 0
143 243 343 443 0
-123 0
-121 -122 0
-233 -234 0
-241 -242 0
-321 -322 0
-441 -442 0
-121 -123 0
-241 -243 0
-321 -323 0
-441 -443 0
-121 -124 0
-241 -244 0
-321 -324 0
-441 -444 0
-131 0
-132 0
-133 0
214 224 234 244 0
321 322 323 324 0
-141 0
-143 0
-144 0
313 323 333 343 0
344 0
-411 0
-412 0
-413 0
-122 -123 0
-242 -243 0
-322 -323 0
-442 -443 0
-122 -124 0
-242 -244 0
-322 -324 0
-442 -444 0
122 222 322 422 0
121 122 123 124 0
134 234 334 434 0
-423 0
114 214 314 414 0
411 412 413 414 0
111 0
-431 0
-432 0
-434 0
113 123 133 143 0
411 421 431 441 0
-442 0
142 242 342 442 0
-443 0
-444 0
-123 -124 0
-131 -132 0
-211 -212 0
-243 -244 0
-323 -324 0
-331 -332 0
-411 -412 0
-443 -444 0
-131 -133 0
-211 -213 0
-331 -333 0
-411 -413 0
-131 -134 0
-211 -214 0
-331 -334 0
-411 -414 0
213 223 233 243 0
142 0
-211 0
314 324 334 344 0
-212 0
-213 0
241 242 243 244 0
-221 0
-222 0
-132 -133 0
-212 -213 0
-332 -333 0
-412 -413 0
-132 -134 0
-212 -214 0
-224 0
-332 -334 0
-412 -414 0
121 221 321 421 0
414 424 434 444 0
133 233 333 433 0
-233 0
113 213 313 413 0
433 0
-242 0
-243 0
-244 0
112 122 132 142 0
141 241 341 441 0
-133 -134 0
-213 -214 0
-333 -334 0
-413 -414 0
-421 -422 0
-421 -423 0
-421 -424 0
212 222 232 242 0
331 332 333 334 0
311 321 331 341 0
-221 -222 -223 0
223 0
-422 -423 0
