18.25 36 
19.75 42 
16.5 33 
18.25 39 
19.5 43 
16.25 34 
17.25 37 
19 41 
16.25 27 
17.5 30 
15.5 26 
19.75 35 
22 39 
18.25 31 
18.25 27 
20.5 35 
16 27 
18 35 
20.25 40 
19.75 41 
19 38 
19.75 38 
17.5 39 
21 42 
21.75 46 
23 56 
22.25 53 
23 54 
23 53 
19 38 
23.25 53 
24 59 
22 50 
19 38 
19.75 44 
22.25 43 
21.75 47 
23.25 54 
24.25 56 
23.25 56 
24.25 57 
24.5 58 
23 52 
22.5 52 
21.25 47 
19.75 44 
22.5 49 
18.75 37 
12.5 32 
18 35 
23.5 56 
24 58 
23.75 52 
23.75 54 
23.25 58 
21.25 43 
23.25 51 
20.5 40 
23.25 52 
22.25 46 
23.75 54 
24.75 56 
24.25 55 
21.25 46 
20.75 47 
19.75 43 
22.25 52 
20.25 40 
18.75 36 
21.25 47 
22 51 
19.75 39 
16.25 34 
21 48 
18.75 41 
21.75 48 
19.25 37 
19.75 43 
21.25 45 
22 50 
21.75 52 
20.25 45 
23.25 53 
18.25 35 
22.75 46 
20.75 41 
18.5 35 
21.75 43 
19.75 36 
23.75 56 
23.25 52 
22.5 49 
22.25 46 
22.25 47 
23.5 57 
24.25 61 
21.25 46 
22.5 54 
23 57 
21.75 49 
21.25 44 
22 44 
15.75 31 
21.5 42 
21.75 41 
21.25 41 
23 49 
20.75 38 
21 39 
22.25 43 
22.25 54 
22.75 53 
23.25 56 
21.25 46 
21.75 44 
22.75 55 
22.25 50 
19 36 
19.25 35 
23.75 56 
22.5 46 
23.25 52 
22.75 48 
23.25 51 
23.25 47 
22.75 50 
15.25 28 
23 49 
22.75 49 
22.75 46 
23.25 47 
23 47 
23.25 50 
23.75 48 
23 50 
24.75 58 
25.25 60 
23.75 55 
16.75 32 
22.75 52 
24.25 54 
15.25 29 
23.25 55 
23.25 59 
24.5 60 
23.25 49 
20.75 39 
25.25 65 
22.25 49 
23.75 62 
23.75 54 
24.25 63 
23.75 54 
23.75 54 
22.25 58 
24.75 60 
25.25 59 
24.25 62 
24.75 57 
24.75 59 
22.25 57 
22.25 47 
25 62 
22.5 59 
24 58 
25.25 65 
24.25 62 
24.75 58 
25.75 65 
23.75 58 
22.5 45 
23.5 54 
20.75 47 
23.75 54 
23.25 54 
22 47 
23.25 60 
25.75 64 
25 64 
26 66 
26 60 
23 43 
20.25 36 
23.75 49 
23 42 
24.25 55 
24.75 54 
24.75 52 
24.25 48 
22.5 54 
23.25 59 
21.75 55 
22.25 55 
21.25 48 
23.25 59 
21.75 53 
23.5 59 
22.5 56 
22.25 51 
22.75 49 
22.25 51 
22.25 46 
22.75 45 
21.25 41 
22.75 51 
22.25 46 
22.75 48 
18.75 38 
23.25 55 
23.5 56 
22.25 52 
22.75 49 
23.75 55 
21.75 49 
23 52 
23.25 53 
22.25 55 
21.75 52 
21.75 53 
22.25 52 
21.5 46 
22 55 
22.25 54 
22.25 50 
23 50 
24.75 62 
23 51 
23.5 51 
23.75 53 
25.25 57 
24 55 
24.25 54 
24.75 58 
23 58 
23.75 57 
22 53 
22 53 
22.25 48 
22.25 47 
23.25 56 
23.25 56 
19.25 37 
23.25 46 
23.25 49 
23.25 53 
23.75 49 
21.75 41 
20.75 35 
23.25 50 
23 46 
19.5 42 
23 59 
19 32 
22 59 
21.75 50 
22.25 56 
23.25 59 
22.75 50 
23.25 56 
21.5 48 
22.5 51 
23.25 60 
22.25 55 
21.25 43 
25.5 55 
24.25 55 
24.75 59 
23.75 51 
23.25 49 
23.25 57 
18.25 39 
23.25 55 
23.25 53 
17.75 35 
17.75 41 
20.25 50 
20.75 53 
18.5 46 
20 52 
20.25 46 
23.25 49 
20.75 42 
20.75 42 
20.5 42 
19.25 39 
14.75 31 
20.75 45 
19.75 42 
20 41 
19.75 41 
19.75 42 
19.75 43 
18.5 36 
19.5 42 
18.75 36 
19.75 39 
21.25 47 
21 46 
18.5 35 
20.75 43 
20 42 
19.25 39 
19.5 43 
14.5 29 
20 47 
21.5 46 
22.25 50 
16 32 
21.25 52 
22.25 58 
22.5 54 
21.5 51 
22.75 54 
21.25 53 
20.5 49 
22.25 55 
21.25 57 
11.25 26 
20.5 53 
19.25 47 
17.75 42 
19.5 45 
13.75 31 
16.75 39 
14 27 
16.5 33 
19.5 40 
14 26 
15 28 
16.75 34 
19.75 44 
20.75 45 
21 55 
20.5 45 
19.75 41 
15.25 33 
18.5 39 
20 44 
21.5 53 
22.75 58 
23 59 
22.25 55 
21.75 50 
22.25 53 
22 55 
22.5 54 
21.75 53 
19 37 
21.75 52 
20.75 47 
22 46 
20.25 41 
19.75 40 
22 48 
20.25 45 
19.25 40 
22.25 47 
21.25 45 
19.75 39 
22.5 55 
22.75 56 
21.75 51 
20.75 44 
23.75 52 
20.25 39 
22.75 60 
21.75 49 
19 46 
21 57 
19.75 49 
21.25 56 
22 56 
16.25 35 
17.5 35 
18.25 37 
18 35 
22 50 
20.75 44 
21.25 45 
21.25 45 
21.5 40 
20.75 38 
16.75 35 
19.25 43 
15.75 32 
17.25 35 
17.25 36 
18.25 36 
20.75 47 
16.75 34 
17.5 34 
15.25 28 
20.75 44 
19.75 43 
17.25 36 
21.25 44 
21.5 44 
20.75 42 
18.75 36 
19.25 36 
20.75 44 
20.75 48 
20.75 45 
23.5 55 
23.25 48 
18 35 
16.5 35 
24.75 55 
17.75 32 
23.75 47 
24.25 51 
17.25 31 
17 34 
19.5 40 
18 37 
15.75 29 
19.25 41 
19.75 43 
18.5 42 
19 43 
20.25 43 
22.75 54 
21.75 46 
20.75 48 
20.75 44 
21.5 48 
22 48 
21 41 
16.25 38 
22 52 
21 47 
21.5 51 
21 45 
18 41 
20.5 47 
21.25 53 
20.5 49 
17.25 33 
19.25 43 
18.75 38 
20 42 
21 43 
19 41 
19 37 
21 49 
20.25 45 
20 43 
21.75 58 
19.5 42 
20.5 49 
19.75 48 
20.75 49 
20.75 53 
19 45 
20 51 
19.75 53 
18.75 45 
19.25 41 
20.5 44 
19.25 44 
19.25 43 
19.75 50 
19.75 43 
19.25 40 
20.5 42 
18.25 35 
17 33 
21 46 
20 41 
17.75 38 
15.75 33 
18.75 37 
23.25 48 
23.25 49 
19.75 34 
23.75 54 
24.75 53 
23.5 52 
15.25 30 
20.25 44 
22.75 56 
23.25 59 
20.25 41 
20.5 47 
21.75 53 
21.25 45 
23.25 57 
19.75 45 
23.25 55 
19.5 43 
22.75 52 
15 31 
23.75 59 
23 60 
21.75 50 
23.25 57 
22.75 54 
24.25 60 
24.75 61 
22.75 52 
24 55 
21.75 47 
23.75 59 
25 62 
24.25 61 
23.25 58 
22.25 51 
23.5 56 
26 68 
25.25 63 
24.75 61 
21.75 56 
21.75 49 
21.75 49 
21.75 54 
21.5 47 
22.25 55 
19.5 39 
21.25 47 
22 49 
17.25 40 
19 49 
18.25 46 
14.25 31 
19 51 
15 33 
15 33 
17 38 
18.5 46 
16.5 37 
17 40 
16 35 
13.5 30 
20.5 36 
21 41 
17.75 30 
18.25 36 
18.5 36 
16.5 31 
21 42 
16 26 
20.75 41 
18.75 37 
19.25 38 
16.75 36 
19 40 
20.75 44 
18.25 35 
20 42 
23 58 
23 58 
24.5 64 
20.75 50 
23.5 56 
16 39 
24 64 
21.75 47 
23.5 63 
24.25 60 
23.25 58 
22.75 58 
16 33 
22.75 54 
24.25 60 
20.75 42 
22.25 49 
16.75 32 
21.75 44 
15.25 29 
20 41 
16.75 30 
17.75 33 
12.75 27 
20.5 41 
19.25 40 
23.5 56 
20.75 45 
22.25 54 
22.5 55 
21.75 48 
20.75 48 
22.25 52 
23.75 53 
22.75 50 
23.25 53 
22.75 49 
22.25 51 
22.25 51 
22.75 50 
21.75 52 
23.25 63 
21 52 
21.75 54 
15.5 32 
22.5 58 
22.75 57 
19.25 44 
22.5 55 
19.5 47 
21.25 43 
19.75 41 
21.75 50 
20.25 42 
20.75 44 
18.25 41 
21.5 48 
22.75 55 
21.75 50 
18 39 
21.25 46 
18.75 40 
21.25 47 
15.75 35 
19.5 46 
19.25 39 
18 34 
18.5 39 
22.75 49 
21.75 41 
22 50 
21.5 48 
22 48 
20.25 43 
20.75 42 
21.25 48 
19.5 38 
22.25 47 
21 48 
22 47 
20.5 42 
20.75 46 
20.5 47 
21.5 52 
21.25 43 
19.75 46 
21.75 50 
21.75 51 
18.5 43 
21.25 46 
21.25 45 
23 44 
22.75 49 
22 44 
22 42 
20.5 38 
22.75 47 
22.75 50 
23.75 56 
13.75 28 
23.25 56 
22.75 48 
22.25 58 
22.25 48 
20.75 39 
19.75 41 
22.25 54 
20 41 
22.5 52 
22 50 
17.75 36 
22.75 49 
23.25 49 
22.25 55 
23.75 54 
23.75 49 
22.5 50 
17.75 35 
24 56 
18.5 38 
23.25 55 
23.5 52 
21.5 46 
23.5 55 
23 50 
22.75 54 
24.75 64 
23.25 55 
23.75 55 
23.75 57 
24.5 60 
18.5 34 
21.5 57 
21.25 49 
23 55 
21 50 
23.75 62 
23 57 
21.25 47 
20 52 
22.25 51 
22.25 51 
23.25 51 
22.75 49 
22.25 50 
23.75 54 
22.25 44 
23.5 53 
24.75 61 
21.75 46 
22.5 52 
21.5 55 
23.25 57 
21 46 
23.5 55 
22.25 53 
22.75 56 
22.5 52 
22.75 58 
20.75 51 
19.25 41 
21.75 48 
23.5 56 
22.25 52 
12.75 27 
25.25 61 
25.25 65 
21.25 48 
23.25 58 
23.75 56 
20.75 51 
24.25 59 
22.75 50 
24.75 54 
22 44 
24.75 57 
24.25 51 
24.75 52 
21.75 44 
23.75 53 
21.25 40 
21.25 49 
24.25 57 
22.25 52 
23 55 
22.5 50 
19.75 45 
23.25 59 
21 42 
23 48 
20 41 
23 49 
22.5 42 
20.25 39 
20 38 
22 45 
22 53 
22.5 56 
22.25 49 
22.25 51 
20.25 39 
21 47 
22.75 52 
19.75 36 
21.75 47 
23.25 55 
21.5 42 
24 57 
23.75 60 
18.75 36 
22 49 
24.5 61 
24.5 56 
21.5 53 
19.5 39 
22.5 57 
20.25 46 
21.25 53 
21.75 56 
21 53 
22 54 
20.5 46 
18.25 35 
23.75 50 
23.25 53 
23.75 53 
24.25 55 
23.75 51 
23.25 57 
24.5 63 
23.25 54 
22.25 49 
22.75 51 
22.75 50 
23.25 55 
24.25 64 
23.75 55 
24 64 
23.5 61 
24.75 65 
24.25 61 
19.5 43 
24.5 63 
20 45 
24 63 
24.25 55 
23.75 53 
21 42 
23 48 
16.25 29 
23.25 51 
22.5 46 
23.75 49 
21 47 
22.5 53 
23.75 55 
21.5 52 
22 50 
22 48 
21.75 53 
22.25 57 
23.75 59 
22.25 56 
23.75 58 
23.25 60 
20.25 44 
18.5 39 
21.25 52 
22.5 56 
23.75 60 
23 54 
23.75 60 
23.75 56 
24.75 58 
22.75 55 
22.5 54 
22.75 53 
22 49 
22.5 54 
23.25 56 
22 50 
21.5 49 
21.75 45 
21.5 61 
20 53 
20.25 56 
16 36 
19.5 50 
19.25 41 
19.5 47 
19.25 47 
21.25 43 
22.75 55 
21.75 39 
21.25 43 
23.25 52 
23 50 
23.75 46 
15.75 33 
19.75 44 
19.25 40 
20.5 47 
17 35 
21 46 
20 38 
20 45 
21.75 48 
21.5 49 
19.75 38 
21.25 48 
20.75 44 
21 44 
20.25 41 
21.5 43 
20.25 41 
19.5 39 
20 42 
19 37 
18.75 41 
20.75 43 
20.5 45 
20.75 50 
19.5 39 
19.75 47 
20.75 48 
20.5 45 
20.5 49 
20.25 46 
20.75 46 
20.25 44 
20.25 47 
20.5 45 
20.25 47 
20 42 
20.25 45 
20 44 
19.75 46 
20.5 45 
16.5 34 
16 31 
19.25 45 
12.75 27 
15 28 
19 44 
18.25 39 
20.25 51 
18.75 39 
19.5 44 
18.75 43 
23.5 53 
23 55 
20.5 40 
22.25 49 
22.25 51 
23.75 59 
21.25 42 
22.25 51 
21.75 50 
21.75 53 
21.25 48 
21.25 45 
20.25 44 
20 45 
21.25 46 
21 46 
19.75 45 
19.75 33 
21.5 44 
23.5 52 
22.75 48 
15.5 28 
22.25 49 
21.5 46 
19.25 40 
23 54 
22.25 53 
21.25 45 
18 33 
23.75 59 
22.75 53 
22.25 51 
20.25 45 
11.5 26 
21.5 44 
20.75 35 
21.75 44 
21.25 46 
21.75 43 
16 28 
21.5 45 
21.75 44 
16 33 
16.75 34 
16 32 
14.5 28 
20.25 49 
19.75 46 
14.75 30 
18 38 
20 47 
17.5 44 
20.75 49 
17.5 35 
19 45 
20 48 
18.5 40 
17.75 37 
16.25 34 
15.25 30 
18.25 37 
17 37 
19.75 48 
13.5 27 
20 36 
21 44 
21.5 47 
17 31 
13.5 26 
13.75 28 
20.75 49 
22.75 43 
24.25 50 
18.25 35 
19.25 33 
21.25 40 
23.75 51 
23.25 49 
21.5 43 
14.5 31 
19.75 46 
17.25 37 
16.25 37 
18.5 42 
17.25 41 
16.25 38 
17.75 38 
16 34 
18.75 38 
21 49 
19 40 
21 48 
21 48 
18 37 
18.5 40 
19.5 41 
18.25 39 
20.25 40 
20.5 42 
20.25 40 
21.25 43 
22.75 48 
21.5 42 
19.25 38 
21.25 41 
20.25 41 
14.5 33 
19.25 47 
19.5 50 
17 35 
19.5 51 
17.5 38 
21.5 47 
19.25 38 
20.75 47 
21.75 51 
20.5 39 
21.75 49 
21 43 
22.25 50 
19.75 37 
21.25 55 
20.75 52 
20 50 
19.25 41 
18.5 43 
20.5 50 
20 50 
19.5 43 
18.5 40 
19.5 47 
20.75 55 
19 48 
19.5 45 
19.5 45 
20.5 51 
21.25 57 
19.5 45 
18.5 41 
20 46 
19 42 
18 40 
20.25 48 
17.5 36 
17.5 39 
19.25 42 
13 26 
23.5 49 
21.75 45 
24.5 52 
23.75 47 
22.75 46 
25.5 58 
23.75 52 
23.75 51 
22 49 
17 34 
22.25 60 
20 39 
23.25 58 
22.5 62 
21.25 51 
16.75 33 
22.75 54 
22 47 
17.75 34 
21 45 
21.25 46 
20.25 43 
22.25 50 
20.75 45 
24.75 60 
23.75 58 
23.25 61 
20.5 45 
22.75 54 
24.25 60 
21.75 57 
25.25 56 
24.25 58 
17.75 42 
24.25 59 
21.75 52 
24.25 60 
23 55 
22.75 54 
25.25 65 
23.75 57 
24.75 59 
23 55 
24.5 57 
22.75 45 
22.25 48 
25.25 66 
23.75 56 
24.25 63 
22.75 63 
22.25 59 
24.5 64 
21.25 45 
21.25 43 
20.5 38 
22 53 
20.75 53 
21.5 55 
20.5 48 
20.5 50 
19.75 49 
19.5 49 
21.75 45 
19.75 47 
18 37 
20 46 
20 51 
19 45 
17.75 36 
19.5 45 
17.25 36 
18.75 41 
20.75 51 
19 43 
20.75 35 
22 38 
16.75 29 
17.5 29 
21.25 39 
15.25 27 
21.25 39 
21.75 40 
18.25 32 
22.5 38 
14 28 
21.5 41 
23.25 44 
23.75 46 
18 34 
23.75 59 
24.75 59 
19.5 41 
22.25 52 
24.25 55 
21 43 
21.5 49 
23.75 54 
22.75 50 
21.75 47 
21.75 43 
22.25 46 
23.5 52 
23.25 48 
22.5 43 
23.5 55 
25.5 61 
23.75 49 
20.75 44 
20.25 37 
21.25 48 
24.75 62 
19.25 40 
20 40 
19.5 40 
22.25 53 
19.75 43 
19.25 37 
21.75 49 
22.75 54 
20.25 44 
20.5 34 
21.25 42 
21.75 44 
21.5 43 
20.25 39 
22.25 46 
19.25 41 
22.25 50 
20.75 39 
18.25 33 
22.75 53 
21.25 43 
20 51 
24.25 53 
22.5 46 
22.75 48 
24.25 56 
23.75 52 
22.5 49 
21.75 46 
22 43 
22.5 46 
23.25 50 
21.5 41 
23 52 
21.25 42 
21 42 
22.75 52 
21.75 51 
22.75 55 
21 42 
21.75 46 
23.25 53 
23 55 
22.25 51 
21.25 48 
24 57 
15.75 31 
15.75 33 
23.75 57 
21.25 46 
23.75 58 
25.5 62 
17 31 
21.5 48 
21.75 44 
25.25 57 
24.75 57 
22.75 47 
24.25 53 
24.25 55 
23 46 
25.25 55 
25.25 62 
24.75 60 
24.75 63 
25.25 61 
20.75 47 
25.75 63 
23.25 55 
23.75 60 
27 72 
17.75 37 
25.75 67 
16.25 32 
26.75 73 
24.25 63 
27.75 77 
12.5 27 
19.75 35 
25.75 55 
24.25 45 
25.5 58 
22.25 43 
24.75 55 
26 59 
25.5 59 
21.75 48 
21.75 48 
23.25 56 
23.25 57 
21.5 46 
22.25 52 
22.75 54 
24.25 57 
22.25 44 
23 51 
23.25 57 
23.25 53 
24.25 59 
24.25 61 
24.25 59 
15 30 
25.25 64 
25.5 59 
25.25 66 
24.25 56 
22.5 47 
25 60 
25.25 62 
24.25 59 
24.25 58 
21.75 49 
24 56 
22.75 51 
20 46 
23.25 53 
16.5 33 
21 41 
23.75 54 
22 46 
25 64 
24.75 57 
24.75 57 
25.25 62 
14.25 26 
25 61 
25.25 65 
23.75 57 
23.25 53 
22.75 54 
22.25 52 
23 53 
22.75 47 
24.25 58 
24.25 60 
22.5 47 
26.5 64 
17.5 34 
25.75 53 
24.25 52 
24.5 50 
24.25 56 
25 60 
19.5 38 
24.75 60 
18.5 42 
16.75 31 
22 48 
19.25 43 
21.5 49 
18.75 37 
17.75 40 
21 49 
19.25 39 
20.75 47 
20 44 
19.5 37 
20.75 46 
20 44 
21.25 46 
20.5 44 
20.5 45 
21.75 49 
21.25 47 
21.75 49 
22 52 
23.75 62 
22.25 52 
21.5 49 
17.25 38 
20 44 
16.25 35 
19.75 44 
19.75 38 
18.25 39 
20.5 45 
20.25 48 
23.25 57 
21.5 52 
22.75 53 
22.75 54 
22.75 53 
21.75 54 
22.25 53 
21.75 40 
21.25 43 
22.75 44 
17 33 
23.25 49 
22.5 43 
23.5 52 
20.5 42 
22 46 
21.5 42 
22.25 45 
21.75 42 
23 48 
22.25 45 
22.25 49 
22.75 48 
18.5 43 
18.25 40 
21 52 
18.75 39 
21.75 53 
23 53 
21.75 48 
20.75 42 
20.75 44 
22 46 
21.75 50 
20.25 44 
17 34 
20.75 43 
22.25 49 
21.25 44 
23 56 
22.5 50 
21.25 46 
21.75 48 
22.75 50 
20 39 
22.25 49 
18.75 43 
18.5 44 
18.25 45 
18.25 44 
20.5 39 
18 43 
20.75 48 
18.75 38 
19 45 
20.25 48 
22.5 53 
19 42 
21 52 
20.75 48 
22 57 
18.25 39 
20.5 43 
23 60 
23.75 57 
22.5 54 
22.25 50 
23 55 
23.75 55 
16.75 34 
24.75 65 
22.25 52 
22.25 51 
22.75 53 
21.75 51 
22 49 
22 46 
22 52 
23.25 55 
22.75 50 
22.25 52 
22.75 59 
22.75 57 
21.5 40 
22.75 54 
21.25 46 
22.75 46 
22.5 54 
22.25 52 
21.25 51 
20.25 52 
16.5 37 
17 41 
20.25 50 
20.25 37 
19.75 40 
